48 51 52 53 52
86 87 88 91 91
22 25 28 31 32 36
65 66 68 69 71 72 75 82
39 42 41 44 47
86 88 90 91 92 92 93 95
90 88 85 84 87
96 94 92 90 87 84 84
57 56 54 52 50 49 48 44
51 49 46 43 42 37
94 91 91 88 87 84
52 53 54 52 55
90 90 89 86 83 80 79
61 62 64 67 70 72 70
29 30 32 34 34
89 90 92 93 97
26 28 31 32 35 42
57 58 59 57 61
59 60 63 63 66 67
52 55 57 61 60
30 34 33 36 39 42 45 46
40 38 35 32 30 28 30
56 53 52 50 47 45 42 42
93 92 91 90 89 85
22 19 16 14 12 9 4
40 37 34 33 31 32 30 28
17 15 15 13 12 11 10 9
62 61 59 58 56 52 55
20 20 17 16 15
40 41 44 46 48 48
97 97 96 93 91 88 85 82
76 73 72 71 73
46 43 40 37 31
41 43 44 46 49 53
44 42 41 39 41 38
48 52 49 50 53
92 89 87 84 82 81 81
22 24 25 26 28 29 32 31
78 80 83 84 85 92
43 41 39 37 35 30 32
52 51 49 47 44 42 38
67 65 64 62 60
91 93 94 95 97 99
85 86 87 88 91 94
36 34 32 31 28 25
23 22 20 18 16 13 10 7
88 91 94 96 97
92 93 95 96 97
23 24 26 29 32 35
94 91 89 88 86
45 44 41 40 37 36 34 32
98 95 92 89 86 84
74 71 69 68 65 64 63 60
24 26 27 29 30 31
23 20 18 17 16 15 13 11
92 91 89 88 85 83 81 80
86 89 91 94 96
37 36 34 33 32 31
10 12 15 17 19 22 23
55 53 50 47 46 43 42
22 19 16 13 12 10 8 7
36 38 41 44 45 48
39 37 36 34 32
78 80 81 82 85 87 89
57 58 59 60 63
72 69 67 66 64
71 74 76 77 80 81 83 86
39 40 43 44 47 48 51
38 37 34 31 29 26 25 23
4 7 9 10 12
30 28 26 25 24 22 21
24 25 28 30 31 32
49 47 46 44 43 41 40
45 48 49 50 51 52 54
43 45 48 49 50 53 55
64 61 59 57 55 54 52 51
40 41 42 45 47 50 51 52
43 41 39 37 36 34
69 68 65 64 61 60
4 7 9 12 13
35 34 33 32 30 28 25
55 54 53 51 48
59 61 62 65 66 67 70 71
81 80 77 76 75 72
86 85 83 80 78 76 75 73
94 92 91 89 88
95 93 92 90 88 85 82 80
73 75 77 78 79
43 41 38 37 35 34 32
15 16 17 20 21 24
28 27 24 23 20 17 14
60 57 54 53 50 47 44
74 72 70 68 66 63 60
60 61 63 64 67 70 72 73
77 78 79 82 85 87
24 21 20 18 17 16 14
35 34 33 31 28 27
29 28 26 25 23
29 31 32 33 36 37 40 42
59 62 65 67 69
70 68 65 63 61 58
66 69 72 75 77 78 79 81
97 95 93 92 91
46 45 44 42 39 37 36 35
46 44 43 41 38 35
17 14 13 12 9 6 5
6 9 10 12 13
27 24 23 22 19 17 16 15
78 76 75 72 69 66 65
11 10 8 7 5
66 68 69 70 71 73 74
82 80 79 78 75 72 71 68
99 96 94 91 89
57 55 53 51 48 46 43 42
10 11 13 16 19
37 40 41 43 46 48 51
5 6 7 8 9 12
83 84 87 88 91 94 96 98
76 75 74 72 71 69 68
11 14 16 17 20
48 47 45 42 41 39 37 34
11 14 15 17 18 19
64 61 59 56 53 51 50
68 66 63 62 61
24 26 27 30 31 34 37 38
71 73 75 78 80 82 85
37 39 40 41 42 44 45 48
22 23 25 26 28 31 32
37 34 32 31 28
26 27 30 32 33
43 44 47 49 52 54 55
49 46 45 44 43 42
94 92 91 89 86 83 82
31 32 34 35 36 37 40 43
95 94 91 90 88 86 85
31 33 36 37 40 43 44 45
75 72 71 70 69
78 75 72 71 69 66 65 64
53 51 48 46 44 43
64 63 62 60 59
39 42 45 48 49 52 55 56
91 88 86 84 82 80
12 15 18 20 21 22 25 26
41 39 38 37 35 33 31 30
44 41 40 39 36
14 16 19 22 25
56 57 59 62 64
99 97 95 94 92 91 89 87
83 81 79 77 76 73
52 54 56 58 59 61 63
47 49 51 52 54 55 58
18 21 22 23 26 27 28 29
39 41 43 45 46 48 50
44 43 42 41 38 36
76 73 70 68 66 63 62
37 34 32 31 28 25
40 38 37 34 32 29
58 55 53 50 48 46
39 36 33 32 30 27
43 44 45 47 48
23 26 27 29 32 33 34
90 87 85 83 81 80 78
19 20 21 23 24 27
76 75 73 72 71
83 82 79 77 75 73 72
19 17 15 13 11
72 70 69 68 65 63 60
56 54 51 48 46 44
52 51 48 46 43 40
33 32 31 28 27 24 21
11 10 8 6 5
92 89 87 86 84 81 79
86 87 89 91 93 95
59 61 64 67 68 69 72 75
28 31 32 35 36 39 41
86 89 90 93 94 96
76 79 82 83 86 87 88
29 27 26 23 21 20
51 53 54 56 58 61 62 65
77 78 81 83 84 87 88
38 40 41 42 44 47
47 45 44 43 41
56 59 62 64 67 70 71
9 11 14 16 19 20
29 28 27 24 21 20
30 27 25 23 20 19 16 13
84 83 82 79 77
46 49 50 53 54 55 56
21 24 25 27 29 32 33
14 15 16 18 20
85 82 79 78 77 76 75 73
63 60 59 57 55
32 34 37 40 41 44 45 48
53 56 58 59 61
12 11 9 8 5 4 3
84 81 78 77 76 75 73 72
44 43 42 39 37
76 73 70 68 67
86 89 91 93 94 97 99
77 80 81 82 85
19 16 13 11 9 8 5
19 22 24 27 30
18 20 23 24 26
64 66 68 69 72 74 77 78
78 75 73 72 70 67 65 64
37 38 41 43 46 48
36 35 34 31 28 26 24 21
27 30 31 34 35 37 39 41
80 83 84 86 89
61 64 66 69 70
50 53 54 57 60 61 62 63
57 60 63 66 69 70 73
60 57 54 52 49 48 45 43
48 46 43 41 39 37 35 33
21 22 23 24 26
64 65 68 69 71 74
46 49 50 51 52 54 56
20 18 16 15 14 13 11 9
34 32 29 27 24 21 18 15
16 14 12 11 10
18 19 22 24 25
53 51 48 46 44 42 39
77 74 72 69 68 66 65
25 22 21 20 17 14 13
33 30 28 27 25 22 19 17
29 28 26 23 21
40 39 38 36 33 32
63 60 57 54 52 49 47 45
84 85 86 89 91 93 96 99
20 23 24 25 28
6 8 9 12 14 16
52 53 56 59 62 65 66
51 54 57 58 61 63 65
36 34 33 31 29 28 27
61 62 65 66 69 70 71 74
25 26 29 31 34 37 40 42
48 47 46 44 41 40
31 34 37 39 42 43 46 48
95 93 91 88 85 83 80 77
75 72 70 68 67 66
15 18 21 22 23 26 29 30
94 93 90 89 88 87 84 82
36 34 33 31 29 26
65 64 63 60 59
12 14 17 19 22 25 28 30
20 18 15 13 11 8 7 4
11 13 15 16 19
71 69 66 65 64 61
61 62 65 67 70 73 74 76
51 49 46 45 43
61 59 58 56 53 50 48
29 31 33 36 39 42 45 47
74 76 79 82 84 86
93 90 87 84 83 82 81
70 72 74 77 79 80 81 83
89 90 93 95 98
41 42 44 46 48 50 53 54
31 29 26 24 23 20 19
33 30 29 27 25 22
82 83 86 87 88 89 90
38 40 41 43 44
71 68 65 62 61 58
88 86 83 82 80 77
80 82 84 87 89 90
15 12 9 8 6 3
67 64 62 59 56
52 54 55 57 59
9 8 5 4 3 1
23 26 28 31 32 35 36
44 47 48 49 52 55 57
14 16 17 18 21 24
38 41 43 45 47 48
89 88 87 86 85 82
97 96 93 91 90 88 87
18 15 12 9 7 5
45 46 48 51 54 56 59 61
95 92 90 88 85 82
96 95 93 92 91 89 86
33 34 36 37 38
16 19 21 24 27 29
74 72 69 66 65 64 62
27 25 23 21 20 17
64 66 68 69 70 72 73 75
6 9 12 15 16 19 22
14 11 8 5 4 3 2
47 50 53 56 57 60 63
81 84 86 89 90
36 37 38 41 43 44
45 42 40 39 36 35 33 31
49 46 45 42 41 38
59 57 54 52 49 46 44
25 23 22 19 16
43 44 45 48 51
6 9 11 13 16
75 74 71 69 68 67 64
59 56 55 52 51
70 72 75 78 79
33 31 28 26 23 22 21
38 41 44 47 49
26 23 21 20 19
8 9 12 14 16 19 22
54 55 57 59 61
16 18 19 21 23 25
82 79 78 76 75 73 71 68
38 39 40 41 44
96 95 93 92 91 88 87
24 27 30 33 35 37 38
47 50 53 55 57 59 61
22 19 16 13 12 9
35 37 38 41 42 43
3 6 9 10 12 15 18
37 40 41 44 45
48 51 54 56 59 60 61 62
42 41 38 37 36 34 31 28
97 96 93 90 88 87
47 45 43 42 39 38
18 15 13 12 9 8 6
81 83 86 88 89 90 92 94
32 29 26 24 21 19 16 13
68 67 66 65 62 61 58 56
44 43 40 37 35 34 33
57 56 55 53 50 47 45
18 15 13 10 8 6
87 85 82 80 77 75
58 56 54 53 52 49 48
51 52 55 57 58 60
17 16 15 13 11 8
27 29 32 35 38 39 40 43
38 40 42 45 48 50 52 53
62 63 66 68 70
92 91 90 88 85 82 81 80
3 6 9 12 14
75 78 81 84 87 90
48 45 42 41 40 39
72 73 74 75 76 78 79
50 52 55 56 59 62
83 81 80 78 75 73 71 68
30 33 34 37 40 42
43 46 48 50 51 52
30 28 27 24 22 19
56 54 51 50 48 46 43 40
29 30 32 35 37 38 39 40
74 73 72 70 68 67
80 78 77 75 73
21 18 15 12 9 7 6
42 43 44 46 48 50 51
35 32 31 28 25 22
69 71 72 75 77
79 76 75 73 72 70 68
53 54 56 59 61 64 65
42 39 37 36 35
22 25 28 31 33
20 18 15 13 12 11 9
34 36 39 40 42 43 46 49
17 19 20 23 25 27 30
30 33 35 36 39 42 44
26 24 21 20 17 15
44 42 40 39 37
70 71 72 74 77 79 82
45 42 40 39 38 35 32 30
17 18 19 20 23 25 28 30
89 92 95 97 99
94 93 90 88 85 83
62 65 67 70 71 73
79 76 75 73 71 70
17 15 13 12 9 6 4
74 71 68 66 64 63 60
41 40 37 35 32 30 27 25
19 22 25 26 27
38 41 42 45 48 51
94 92 89 86 83 80
46 49 50 52 55 56 57
78 75 74 73 71 70 68